Tp_av Tpmin Tpmax T_s10 T_s20 vappd wind sundu radia prec jday RF
C_deg C_deg C_deg C_deg C_deg mm_Hg m/sec hours J/cm^2 mm  %
50    ----- ----- ----- ----- -----  02 m  ----- ------ -- - -
0004.1 001.0 005.6 000.0 000.0 000.2 003.1 000.0 0064.0 001.0 001 090
0004.8 003.9 006.3 000.0 000.0 001.4 003.6 001.6 0170.0 000.0 002 086
0006.0 004.5 007.4 000.0 000.0 001.7 005.5 000.0 0124.0 000.8 003 081
0006.1 005.0 006.0 000.0 000.0 000.7 004.3 000.0 0125.0 008.6 004 092
0003.0 003.6 005.6 000.0 000.0 002.0 004.5 005.1 0346.0 000.0 005 078
0005.0 -00.1 006.4 000.0 000.0 001.1 003.8 005.1 0333.0 000.0 006 084
0005.3 004.9 008.2 000.0 000.0 001.6 003.3 004.1 0263.0 000.0 007 085
0005.5 003.2 006.5 000.0 000.0 002.0 004.2 000.0 0132.0 000.0 008 078
0002.8 003.5 006.5 000.0 000.0 001.4 002.6 002.5 0257.0 000.0 009 090
0001.7 000.7 002.5 000.0 000.0 000.5 002.0 000.0 0087.0 000.0 010 091
0000.0 -02.6 002.9 000.0 000.0 001.6 002.7 006.2 0399.0 000.0 011 085
0000.6 -01.4 002.5 000.0 000.0 001.2 004.1 002.4 0262.0 000.0 012 083
-001.0 -03.5 000.3 000.0 000.0 001.3 003.0 005.8 0439.0 000.0 013 078
0000.6 -01.1 003.7 000.0 000.0 001.5 001.3 002.4 0268.0 000.0 014 082
-000.4 -00.5 000.7 000.0 000.0 000.5 002.0 000.0 0097.0 000.0 015 089
0003.8 -01.4 004.1 000.0 000.0 000.0 004.5 000.0 0151.0 001.0 016 095
0006.4 004.0 007.0 000.0 000.0 000.6 009.6 000.0 0154.0 001.4 017 092
0003.6 005.9 006.5 000.0 000.0 001.3 008.0 002.5 0228.0 002.5 018 084
0000.1 -00.8 003.4 000.0 000.0 002.0 003.8 007.6 0502.0 000.1 019 077
0003.6 -01.8 004.3 000.0 000.0 000.6 006.3 000.0 0163.0 006.1 020 091
0001.7 004.0 004.5 000.0 000.0 002.6 005.5 000.8 0211.0 001.9 021 068
0000.3 -00.7 001.9 000.0 000.0 000.2 003.1 000.0 0184.0 004.7 022 097
-005.2 -04.8 -02.6 000.0 000.0 001.5 003.4 006.0 0496.0 000.0 023 075
-004.4 -07.4 -02.8 000.0 000.0 001.0 002.2 002.8 0338.0 000.0 024 078
-003.5 -07.4 -00.4 000.0 000.0 001.9 003.5 008.1 0586.0 000.0 025 071
0001.6 -03.7 002.4 000.0 000.0 000.0 005.2 000.0 0088.0 000.0 026 095
0001.9 001.4 002.9 000.0 000.0 000.9 006.0 000.6 0226.0 000.0 027 081
0001.1 001.2 002.4 000.0 000.0 001.4 006.0 000.0 0194.0 000.9 028 074
0007.0 001.0 009.0 000.0 000.0 000.8 008.0 000.0 0199.0 011.9 029 083
0005.8 005.5 007.6 000.0 000.0 003.5 007.1 003.7 0473.0 004.2 030 070
0008.4 004.8 010.3 000.0 000.0 003.1 008.1 003.4 0421.0 001.1 031 079
0008.9 006.8 010.2 000.0 000.0 003.5 005.8 000.1 0166.0 000.6 032 068
0006.4 006.9 008.1 000.0 000.0 001.3 005.9 000.8 0146.0 001.4 033 083
0004.0 003.3 007.0 000.0 000.0 002.2 006.1 004.0 0467.0 000.0 034 078
0006.6 001.3 007.5 000.0 000.0 001.1 005.5 000.1 0157.0 001.8 035 085
0009.1 006.8 010.8 000.0 000.0 002.7 005.5 003.3 0457.0 000.0 036 077
0009.2 008.3 011.7 000.0 000.0 004.2 003.8 003.4 0467.0 000.0 037 065
0008.2 008.4 009.6 000.0 000.0 003.4 005.4 002.2 0392.0 001.7 038 066
0009.4 006.4 010.0 000.0 000.0 003.6 007.1 000.3 0267.0 003.6 039 063
0005.2 002.3 006.2 000.0 000.0 002.0 008.6 000.3 0274.0 002.0 040 075
0006.6 003.7 009.0 000.0 000.0 003.4 005.4 003.7 0598.0 001.8 041 074
0004.2 003.4 007.0 000.0 000.0 003.2 004.4 006.5 0706.0 000.0 042 071
0004.0 -00.5 007.1 000.0 000.0 003.5 004.9 008.1 0818.0 000.3 043 071
0004.0 001.7 005.8 000.0 000.0 001.1 004.9 001.2 0361.0 004.1 044 080
0003.3 002.9 006.2 000.0 000.0 002.6 004.5 003.5 0538.0 001.7 045 072
0006.4 001.9 009.2 000.0 000.0 002.6 004.6 002.3 0548.0 000.0 046 080
0001.4 004.2 005.3 000.0 000.0 000.6 005.3 001.9 0408.0 000.9 047 084
0000.6 -00.2 003.6 000.0 000.0 001.5 003.5 002.4 0481.0 000.0 048 082
0001.6 -01.5 003.2 000.0 000.0 001.0 003.5 000.1 0310.0 002.5 049 086
0003.3 000.7 005.1 000.0 000.0 000.5 002.5 000.0 0308.0 006.3 050 094
0000.7 000.5 003.3 000.0 000.0 001.5 003.7 002.2 0456.0 001.9 051 082
-000.1 -02.9 002.7 000.0 000.0 002.0 002.0 003.9 0636.0 000.1 052 075
0003.3 -00.5 004.7 000.0 000.0 000.8 003.2 000.0 0226.0 001.8 053 089
0002.8 002.0 006.7 000.0 000.0 002.7 002.0 002.1 0508.0 000.0 054 079
0005.5 000.4 008.1 000.0 000.0 000.3 004.2 000.0 0341.0 010.7 055 084
0002.4 000.2 005.5 000.0 000.0 000.6 003.0 001.3 0307.0 002.1 056 088
0003.6 001.6 008.5 000.0 000.0 003.3 003.8 005.1 0831.0 000.0 057 075
0007.3 -00.8 010.8 000.0 000.0 004.0 004.1 009.6 1197.0 000.0 058 067
0009.9 008.3 015.9 000.0 000.0 005.9 006.3 003.6 0686.0 002.1 059 062
0007.0 004.4 009.8 000.0 000.0 003.8 005.4 003.9 0723.0 003.0 060 070
0004.5 005.8 007.1 000.0 000.0 001.4 005.1 002.7 0629.0 002.5 061 084
0004.0 001.3 006.5 000.0 000.0 002.7 006.3 004.6 0808.0 003.7 062 070
0004.7 003.1 008.4 000.0 000.0 001.2 007.7 000.6 0452.0 004.3 063 082
0000.8 001.2 004.0 000.0 000.0 002.5 006.8 003.7 0760.0 000.0 064 071
0001.6 -01.0 004.1 000.0 000.0 002.1 005.4 001.1 0525.0 000.1 065 074
0006.3 000.1 008.1 000.0 000.0 003.2 005.8 001.4 0726.0 000.0 066 068
0009.0 006.8 010.4 000.0 000.0 002.0 007.6 000.0 0338.0 002.0 067 081
0010.6 008.7 011.5 000.0 000.0 000.6 007.5 000.0 0124.0 012.6 068 092
0007.8 011.2 012.1 000.0 000.0 001.5 008.3 000.2 0471.0 008.4 069 088
0004.5 002.3 006.2 000.0 000.0 003.0 004.3 003.4 0801.0 007.2 070 068
0006.7 003.5 009.5 000.0 000.0 002.0 007.1 001.8 0642.0 005.9 071 083
0005.0 003.0 006.7 000.0 000.0 002.3 002.3 000.1 0514.0 003.9 072 078
0008.3 004.2 011.9 000.0 000.0 004.5 003.9 006.0 1107.0 001.2 073 074
0006.4 008.1 010.4 000.0 000.0 000.8 005.7 000.0 0481.0 012.0 074 090
0002.8 -00.1 005.0 000.0 000.0 002.1 007.3 004.3 0937.0 003.0 075 082
0004.7 003.0 007.6 000.0 000.0 003.3 006.7 001.1 0725.0 001.1 076 066
0005.7 003.6 006.9 000.0 000.0 000.8 005.1 000.0 0506.0 006.0 077 092
0005.0 003.2 006.5 000.0 000.0 000.5 001.6 000.0 0514.0 008.5 078 095
0004.4 000.5 008.0 000.0 000.0 002.4 002.7 007.1 1290.0 000.0 079 079
0004.8 002.9 005.5 000.0 000.0 001.0 003.5 000.9 0681.0 000.0 080 088
0006.6 005.2 011.2 000.0 000.0 002.4 001.7 004.3 0986.0 000.0 081 085
0006.0 000.3 013.2 000.0 000.0 004.0 001.2 008.6 1486.0 000.0 082 082
0007.3 001.2 012.8 000.0 000.0 004.1 002.0 007.2 1360.0 000.0 083 078
0007.0 004.3 008.3 000.0 000.0 000.8 004.5 000.0 0554.0 001.6 084 089
0009.7 007.5 013.8 000.0 000.0 003.8 002.5 001.1 0728.0 005.9 085 084
0006.2 006.4 009.7 000.0 000.0 002.7 002.8 000.7 0670.0 000.4 086 083
0005.0 -00.1 010.2 000.0 000.0 003.1 003.3 004.8 1124.0 000.4 087 081
0003.5 001.4 005.2 000.0 000.0 000.0 004.4 000.0 0152.0 003.2 088 099
0006.2 003.6 007.7 000.0 000.0 000.9 005.7 000.0 0594.0 000.0 089 092
0006.2 006.2 007.2 000.0 000.0 001.7 005.1 000.0 0210.0 000.0 090 083
0004.9 004.1 007.2 000.0 000.0 002.0 002.1 000.0 0473.0 000.0 091 084
0006.8 002.7 011.1 000.0 000.0 003.8 002.3 004.1 1184.0 004.3 092 081
0008.7 002.3 013.0 000.0 000.0 004.4 002.5 007.3 1494.0 000.0 093 072
0012.0 005.4 016.9 000.0 000.0 008.3 005.7 011.3 1922.0 000.8 094 055
0010.9 008.2 016.6 000.0 000.0 005.9 002.7 000.2 0665.0 003.6 095 081
0002.9 004.6 007.4 000.0 000.0 003.9 005.0 004.8 1216.0 000.0 096 070
0005.2 -02.5 010.8 000.0 000.0 005.3 003.5 010.3 2062.0 000.0 097 061
0005.6 000.0 010.4 000.0 000.0 003.6 004.5 003.2 1081.0 000.0 098 078
0006.0 003.4 009.4 000.0 000.0 002.7 002.1 001.2 0810.0 000.0 099 078
0004.7 002.8 008.5 000.0 000.0 004.7 004.0 001.1 0947.0 000.0 100 066
0004.2 -02.7 009.7 000.0 000.0 004.4 003.0 012.1 2102.0 000.0 101 066
0008.2 -00.5 013.3 000.0 000.0 006.5 003.2 009.6 1844.0 000.4 102 058
0004.8 005.4 010.0 000.0 000.0 001.0 003.5 000.7 0471.0 001.2 103 085
0008.6 001.6 012.7 000.0 000.0 006.1 004.8 004.9 1469.0 000.0 104 059
0006.1 004.5 011.1 000.0 000.0 003.8 004.0 001.5 1085.0 000.0 105 074
0010.0 003.1 014.2 000.0 000.0 003.8 002.8 000.3 0577.0 001.1 106 072
0009.5 007.0 014.8 000.0 000.0 005.9 003.5 006.0 1468.0 000.0 107 057
0011.5 007.8 015.5 000.0 000.0 004.5 003.7 000.5 0771.0 000.0 108 061
0011.6 008.8 015.2 000.0 000.0 006.6 002.8 001.9 1167.0 002.8 109 062
0009.3 009.5 012.8 000.0 000.0 000.7 001.9 000.2 0446.0 006.0 110 097
0014.4 004.7 019.7 000.0 000.0 008.3 002.4 011.4 2093.0 000.0 111 067
0016.8 009.9 022.8 000.0 000.0 012.2 003.1 008.4 1971.0 000.0 112 056
0018.6 009.3 024.0 000.0 000.0 011.3 004.0 009.1 1798.0 000.0 113 065
0017.4 012.6 023.6 000.0 000.0 012.8 002.4 003.9 1514.0 007.6 114 066
0010.6 012.6 013.2 000.0 000.0 001.1 004.6 000.0 0295.0 002.0 115 091
0012.1 004.6 017.4 000.0 000.0 007.3 002.2 013.3 2464.0 000.0 116 073
0017.7 009.0 021.8 000.0 000.0 008.9 004.8 012.8 2358.0 000.0 117 065
0018.0 010.7 024.3 000.0 000.0 011.7 002.8 010.9 2100.0 000.0 118 067
0019.5 013.0 022.3 000.0 000.0 008.3 005.2 002.2 1087.0 000.0 119 059
0018.3 015.8 023.3 000.0 000.0 009.5 003.9 009.2 1959.0 004.6 120 067
0015.0 013.6 016.8 000.0 000.0 001.7 002.2 000.0 0599.0 000.0 121 092
0014.3 012.7 017.5 000.0 000.0 002.0 002.7 002.9 0173.0 000.3 122 095
0017.4 012.7 022.9 000.0 000.0 009.5 003.0 011.3 2187.0 000.0 123 070
0015.2 008.5 020.7 000.0 000.0 013.5 002.7 012.0 2276.0 000.0 124 044
0015.7 007.7 021.7 000.0 000.0 012.7 002.0 013.6 2496.0 000.0 125 051
0016.7 007.1 023.3 000.0 000.0 013.7 003.0 014.0 2537.0 000.0 126 049
0017.4 009.5 024.0 000.0 000.0 012.5 003.8 013.3 2434.0 000.0 127 055
0019.2 009.9 026.1 000.0 000.0 016.7 004.0 013.5 2493.0 000.0 128 050
0016.8 011.7 021.8 000.0 000.0 002.5 002.3 002.3 0860.0 002.4 129 075
0018.4 012.0 024.8 000.0 000.0 014.6 001.2 010.0 2134.0 000.0 130 055
0018.8 010.1 025.9 000.0 000.0 015.5 001.5 013.3 2509.0 000.0 131 059
0018.1 008.8 025.5 000.0 000.0 013.1 002.5 014.0 2678.0 000.0 132 062
0014.8 008.1 020.5 000.0 000.0 011.6 004.3 014.5 2743.0 000.0 133 053
0014.7 006.1 020.7 000.0 000.0 011.9 003.1 015.0 2823.0 000.0 134 046
0017.8 006.6 025.2 000.0 000.0 017.9 002.1 015.1 2854.0 000.0 135 042
0020.5 009.8 027.7 000.0 000.0 019.0 001.8 015.1 2794.0 000.0 136 045
0022.8 012.7 029.0 000.0 000.0 022.3 002.5 013.6 2664.0 000.0 137 040
0016.0 016.2 025.8 000.0 000.0 002.4 003.3 006.1 1495.0 003.0 138 070
0010.8 008.9 016.6 000.0 000.0 002.7 002.9 004.8 1464.0 002.2 139 081
0009.6 007.2 014.9 000.0 000.0 001.8 003.3 004.0 1597.0 011.0 140 085
0010.8 007.9 015.1 000.0 000.0 005.2 003.5 003.7 1496.0 000.0 141 075
0011.4 007.3 015.7 000.0 000.0 005.6 002.5 006.3 1682.0 007.4 142 074
0011.6 009.4 015.8 000.0 000.0 004.1 002.2 001.6 1044.0 005.6 143 084
0014.8 009.2 018.3 000.0 000.0 007.3 002.8 008.5 2137.0 000.4 144 067
0014.6 012.8 018.6 000.0 000.0 004.3 002.8 000.5 0831.0 003.5 145 082
0014.4 013.1 019.1 000.0 000.0 005.2 004.2 003.0 1354.0 005.8 146 075
0015.5 008.0 018.4 000.0 000.0 008.2 003.6 010.0 2395.0 000.0 147 055
0013.2 014.4 018.3 000.0 000.0 006.4 004.5 004.1 1061.0 000.0 148 063
0012.7 008.5 018.0 000.0 000.0 006.1 003.4 003.6 0050.0 000.0 149 060
0009.7 007.6 014.2 000.0 000.0 004.7 005.0 006.1 1958.0 003.4 150 073
0010.8 006.6 015.8 000.0 000.0 006.3 003.1 007.6 2071.0 000.0 151 069
0012.6 004.9 017.1 000.0 000.0 007.6 002.1 010.8 2355.0 000.0 152 061
0017.2 009.1 020.6 000.0 000.0 008.8 003.3 004.9 1995.0 000.0 153 061
0020.5 014.2 027.0 000.0 000.0 015.2 003.4 015.3 2960.0 000.0 154 056
0019.8 011.7 023.9 000.0 000.0 008.8 002.9 008.8 2519.0 000.0 155 064
0020.6 015.5 025.4 000.0 000.0 011.0 003.7 008.8 2177.0 000.0 156 068
0017.6 014.2 019.0 000.0 000.0 002.1 003.5 000.1 0901.0 004.4 157 083
0012.4 011.1 016.8 000.0 000.0 003.8 005.4 000.7 1002.0 000.1 158 082
0012.8 009.4 016.2 000.0 000.0 005.4 003.7 004.7 1586.0 001.4 159 078
0015.2 008.4 020.3 000.0 000.0 008.3 002.0 011.4 2706.0 000.0 160 066
0022.0 010.3 027.0 000.0 000.0 014.6 004.9 015.5 2966.0 000.0 161 049
0022.7 016.4 030.9 000.0 000.0 019.6 002.5 011.9 2609.0 003.6 162 062
0017.2 013.8 022.9 000.0 000.0 008.3 003.1 004.6 1823.0 001.7 163 073
0017.3 011.6 022.3 000.0 000.0 008.8 003.3 011.0 2522.0 000.0 164 068
0021.2 012.7 028.1 000.0 000.0 015.4 003.4 015.3 2942.0 000.0 165 062
0019.5 015.1 022.4 000.0 000.0 006.3 003.0 004.7 1815.0 003.8 166 070
0013.9 013.3 017.2 000.0 000.0 003.2 004.3 002.6 1134.0 000.1 167 074
0011.6 007.2 017.1 000.0 000.0 007.4 005.4 011.3 2490.0 000.0 168 059
0014.0 007.6 018.6 000.0 000.0 009.2 002.8 011.3 2886.0 000.0 169 051
0019.7 008.5 026.9 000.0 000.0 017.3 002.5 013.7 2879.0 000.0 170 048
0025.1 014.0 032.3 000.0 000.0 024.5 002.3 015.4 2924.0 000.0 171 049
0026.7 017.5 033.8 000.0 000.0 027.9 003.0 015.3 2955.0 000.0 172 041
0025.0 020.3 032.4 000.0 000.0 024.5 003.3 011.9 2509.0 000.1 173 051
0020.2 016.4 023.7 000.0 000.0 009.2 002.9 005.9 1802.0 002.6 174 059
0017.4 014.4 021.2 000.0 000.0 008.1 003.8 005.5 1871.0 000.1 175 059
0013.9 011.7 017.7 000.0 000.0 004.7 003.7 002.8 1224.0 003.4 176 075
0013.0 011.6 017.0 000.0 000.0 005.4 005.5 001.6 1289.0 000.4 177 067
0012.0 010.2 015.9 000.0 000.0 005.6 005.6 003.3 1572.0 000.0 178 064
0011.5 008.6 015.0 000.0 000.0 004.8 005.2 002.8 1323.0 000.0 179 064
0012.0 006.7 014.0 000.0 000.0 004.5 004.6 000.6 1157.0 000.0 180 064
0012.5 010.0 014.5 000.0 000.0 005.4 003.8 000.1 0888.0 000.0 181 065
0012.4 007.3 017.9 000.0 000.0 006.7 004.1 005.9 1915.0 000.0 182 064
0017.2 007.7 021.3 000.0 000.0 008.3 002.8 009.1 2287.0 000.0 183 063
0019.6 013.9 024.0 000.0 000.0 010.6 001.9 006.1 1995.0 000.0 184 063
0017.8 016.4 021.0 000.0 000.0 004.7 003.9 003.8 1728.0 002.4 185 072
0018.7 014.7 024.8 000.0 000.0 010.6 001.9 004.7 1845.0 008.2 186 078
0015.3 014.3 018.8 000.0 000.0 002.9 004.1 000.7 0956.0 001.5 187 091
0014.6 012.7 019.5 000.0 000.0 004.5 002.7 003.0 1007.0 000.3 188 080
0014.6 008.9 019.2 000.0 000.0 005.6 002.4 003.3 1628.0 000.0 189 069
0013.0 009.8 015.3 000.0 000.0 002.8 003.7 001.0 1014.0 000.1 190 075
0013.9 010.3 019.6 000.0 000.0 006.6 003.6 001.6 1332.0 001.9 191 073
0015.6 012.3 019.7 000.0 000.0 006.5 003.7 005.2 1676.0 005.0 192 078
0015.5 011.4 018.7 000.0 000.0 005.0 004.5 003.2 1382.0 000.1 193 067
0012.9 011.5 016.4 000.0 000.0 005.9 005.5 000.7 1019.0 000.0 194 070
0013.7 007.6 018.4 000.0 000.0 005.4 003.8 003.7 1440.0 001.2 195 078
0013.3 012.8 016.3 000.0 000.0 003.2 003.0 000.9 0914.0 003.1 196 087
0013.5 009.2 017.9 000.0 000.0 006.5 002.8 005.0 1761.0 000.1 197 073
0015.4 010.1 020.4 000.0 000.0 009.5 003.0 010.8 2769.0 000.0 198 067
0014.0 011.5 016.1 000.0 000.0 003.4 003.2 000.7 0836.0 000.1 199 080
0013.2 012.4 015.5 000.0 000.0 003.6 004.0 000.0 0821.0 000.1 200 073
0013.6 010.9 015.9 000.0 000.0 002.6 005.4 000.0 0564.0 000.5 201 082
0015.7 012.5 019.8 000.0 000.0 007.5 005.8 002.4 1214.0 000.1 202 068
0014.5 011.9 021.2 000.0 000.0 005.6 004.5 004.2 1176.0 004.2 203 077
0014.5 013.1 020.4 000.0 000.0 000.6 002.4 004.3 1306.0 023.3 204 097
0016.9 011.0 023.0 000.0 000.0 011.3 001.5 007.7 2082.0 000.0 205 075
0019.4 011.4 024.7 000.0 000.0 012.3 002.8 007.2 1865.0 000.4 206 067
0018.3 014.6 020.7 000.0 000.0 004.6 002.5 002.7 1229.0 004.5 207 082
0017.0 015.8 019.7 000.0 000.0 003.4 003.5 000.2 0817.0 000.0 208 086
0018.7 014.9 022.7 000.0 000.0 008.2 002.6 004.2 1691.0 007.4 209 070
0015.4 015.3 018.7 000.0 000.0 002.9 004.0 000.3 0814.0 009.5 210 091
0015.9 013.2 019.8 000.0 000.0 003.1 003.5 003.7 1230.0 003.1 211 085
0016.2 013.3 019.0 000.0 000.0 004.7 002.6 000.2 0991.0 000.0 212 081
0015.8 013.5 020.5 000.0 000.0 006.5 002.9 005.4 1638.0 000.0 213 077
0020.6 012.9 026.8 000.0 000.0 013.1 002.5 010.0 2023.0 000.0 214 063
0018.0 015.9 022.4 000.0 000.0 003.2 003.3 003.1 1215.0 006.9 215 079
0018.0 013.3 023.5 000.0 000.0 010.5 002.9 006.9 1832.0 000.0 216 063
0017.6 012.9 023.1 000.0 000.0 009.8 002.3 008.4 1883.0 000.0 217 069
0016.4 011.9 022.5 000.0 000.0 008.9 002.2 007.4 2142.0 000.0 218 078
0017.6 010.7 021.9 000.0 000.0 008.3 002.1 006.6 1613.0 000.0 219 074
0016.6 015.0 021.9 000.0 000.0 010.4 004.8 009.6 2245.0 000.0 220 063
0015.9 010.9 019.8 000.0 000.0 004.4 002.8 001.9 0994.0 002.3 221 079
0014.6 009.5 019.9 000.0 000.0 006.9 002.1 006.6 1500.0 000.0 222 075
0018.4 012.4 024.8 000.0 000.0 004.4 003.0 002.6 1203.0 001.7 223 079
0017.0 016.5 019.6 000.0 000.0 004.2 002.5 000.0 0687.0 001.4 224 081
0018.9 013.0 025.5 000.0 000.0 013.7 001.3 007.7 1759.0 000.0 225 067
0019.7 011.8 027.9 000.0 000.0 015.1 000.9 012.1 2234.0 000.0 226 066
0023.9 013.2 031.4 000.0 000.0 023.1 001.5 012.8 2180.0 000.0 227 052
0021.5 019.1 026.6 000.0 000.0 011.7 003.5 004.6 1361.0 000.0 228 067
0020.5 016.1 025.6 000.0 000.0 013.9 003.2 007.4 2006.0 004.3 229 061
0019.3 015.5 024.0 000.0 000.0 009.2 003.1 007.2 1524.0 001.5 230 073
0019.4 014.4 024.1 000.0 000.0 012.8 001.6 007.7 1819.0 011.8 231 063
0019.4 016.2 024.1 000.0 000.0 007.3 002.5 003.5 1173.0 002.6 232 089
0019.2 016.8 023.2 000.0 000.0 008.6 002.4 003.7 1339.0 000.6 233 080
0015.0 016.1 018.1 000.0 000.0 000.5 002.6 000.2 0443.0 000.6 234 095
0015.8 012.5 020.6 000.0 000.0 008.4 001.7 007.5 1735.0 000.0 235 075
0014.3 009.7 020.9 000.0 000.0 010.2 001.7 012.1 2164.0 000.0 236 068
0016.4 007.3 022.0 000.0 000.0 011.5 002.6 010.4 2052.0 000.0 237 062
0015.8 014.2 020.6 000.0 000.0 007.9 003.3 005.5 1491.0 000.0 238 073
0018.8 008.9 022.9 000.0 000.0 013.1 005.3 013.3 2224.0 000.0 239 054
0019.3 013.2 025.2 000.0 000.0 015.5 004.9 011.8 2085.0 002.7 240 058
0016.9 015.2 021.8 000.0 000.0 010.0 003.0 007.0 1489.0 000.0 241 070
0015.5 013.0 021.0 000.0 000.0 009.5 001.8 005.2 1271.0 000.0 242 069
0014.7 008.7 021.3 000.0 000.0 009.1 001.3 010.8 1813.0 000.0 243 072
0015.7 010.2 020.7 000.0 000.0 009.3 001.8 003.3 1387.0 000.0 244 070
0016.4 010.0 023.0 000.0 000.0 011.3 002.7 003.9 1166.0 004.7 245 072
0014.0 011.5 018.1 000.0 000.0 002.0 003.1 000.8 0826.0 002.3 246 089
0014.2 012.2 018.7 000.0 000.0 004.4 006.0 003.4 0909.0 005.4 247 083
0012.1 009.6 016.8 000.0 000.0 004.9 003.4 002.7 1048.0 000.0 248 076
0012.2 008.7 015.6 000.0 000.0 003.2 002.7 000.2 0663.0 000.0 249 084
0013.5 010.2 017.8 000.0 000.0 003.1 003.5 001.1 0741.0 013.2 250 084
0015.0 011.6 019.0 000.0 000.0 004.8 003.0 003.6 1072.0 000.8 251 085
0017.1 013.6 018.2 000.0 000.0 003.5 003.6 000.0 0546.0 000.0 252 078
0018.5 017.3 021.7 000.0 000.0 005.0 003.1 001.0 0982.0 001.1 253 084
0017.8 015.9 023.1 000.0 000.0 007.5 001.4 003.5 1173.0 000.0 254 085
0016.1 014.6 019.9 000.0 000.0 003.7 002.0 001.9 0697.0 000.0 255 088
0019.9 010.8 025.0 000.0 000.0 009.7 002.5 006.9 1367.0 000.0 256 073
0016.7 015.3 020.5 000.0 000.0 006.5 003.8 004.6 1125.0 000.0 257 076
0016.0 013.2 020.2 000.0 000.0 006.6 002.2 003.1 0933.0 000.0 258 076
0016.8 012.6 021.4 000.0 000.0 006.6 004.1 003.6 1015.0 000.3 259 077
0014.2 012.4 018.6 000.0 000.0 004.7 003.5 001.7 0831.0 004.3 260 081
0013.6 010.4 017.4 000.0 000.0 003.5 001.9 003.3 1026.0 000.0 261 087
0013.9 012.5 016.9 000.0 000.0 003.8 004.7 001.1 0794.0 000.0 262 079
0010.5 006.5 016.8 000.0 000.0 005.6 005.5 010.9 1581.0 000.0 263 075
0010.8 006.7 014.5 000.0 000.0 004.8 006.3 003.4 0805.0 000.0 264 073
0012.4 009.5 015.7 000.0 000.0 005.9 003.5 000.7 0672.0 000.0 265 070
0011.8 006.3 017.7 000.0 000.0 006.5 002.9 009.3 1477.0 000.0 266 077
0012.4 005.3 019.1 000.0 000.0 009.2 003.5 010.8 1509.0 000.0 267 070
0010.3 004.8 016.9 000.0 000.0 007.7 003.8 011.2 1554.0 000.0 268 068
0009.8 003.1 014.6 000.0 000.0 000.0 001.4 002.3 0400.0 001.2 269 099
0014.0 009.7 017.6 000.0 000.0 002.3 001.7 000.5 0848.0 001.0 270 092
0014.9 010.0 020.1 000.0 000.0 002.1 002.4 004.3 0706.0 000.4 271 092
0018.0 013.1 022.0 000.0 000.0 006.9 002.6 003.2 0705.0 005.1 272 077
0018.4 015.7 023.5 000.0 000.0 010.7 003.9 010.5 1353.0 000.0 273 063
0014.6 009.3 022.1 000.0 000.0 009.8 002.1 010.2 1295.0 000.0 274 073
0015.0 007.9 020.1 000.0 000.0 004.9 001.8 002.2 0756.0 004.0 275 083
0012.9 010.9 018.4 000.0 000.0 004.9 002.7 005.5 0908.0 000.1 276 085
0012.6 009.5 017.5 000.0 000.0 006.3 002.4 008.2 1109.0 000.0 277 080
0013.0 006.6 020.1 000.0 000.0 006.9 001.3 007.6 1183.0 000.0 278 081
0014.3 012.1 018.9 000.0 000.0 004.9 001.2 002.5 0765.0 001.6 279 081
0010.0 008.8 013.8 000.0 000.0 004.0 003.3 003.5 0861.0 000.0 280 080
0008.0 007.1 009.7 000.0 000.0 001.0 001.3 000.0 0328.0 003.8 281 093
0009.9 003.7 014.1 000.0 000.0 007.0 002.7 007.4 1145.0 001.0 282 069
0010.0 008.6 013.6 000.0 000.0 004.0 002.7 001.3 0420.0 000.5 283 081
0009.0 007.1 014.2 000.0 000.0 003.7 004.8 002.3 0512.0 001.6 284 076
0012.0 006.1 015.5 000.0 000.0 004.9 004.7 001.9 0493.0 000.7 285 064
0011.7 007.4 016.8 000.0 000.0 006.2 003.1 005.2 0883.0 000.3 286 073
0012.7 009.5 016.8 000.0 000.0 004.7 001.3 002.2 0618.0 000.7 287 084
0012.2 009.5 016.9 000.0 000.0 004.9 001.6 006.3 0873.0 000.0 288 085
0013.4 009.9 014.4 000.0 000.0 000.3 003.3 000.0 0138.0 000.0 289 098
0015.6 011.6 019.8 000.0 000.0 007.6 003.3 005.0 0714.0 000.0 290 068
0009.6 008.2 014.5 000.0 000.0 001.5 002.3 002.2 0320.0 000.1 291 089
0008.9 004.8 015.0 000.0 000.0 006.3 002.4 008.2 0900.0 000.0 292 074
0009.4 005.3 011.4 000.0 000.0 000.6 002.9 000.4 0278.0 001.6 293 098
0012.0 010.4 015.0 000.0 000.0 002.3 002.3 000.6 0371.0 000.0 294 088
0012.8 008.1 018.2 000.0 000.0 005.8 002.9 003.7 0694.0 000.0 295 081
0014.0 009.8 020.0 000.0 000.0 007.0 002.6 008.8 0889.0 000.0 296 079
0013.0 007.0 018.9 000.0 000.0 007.0 002.9 008.6 0879.0 000.9 297 079
0012.0 011.3 013.8 000.0 000.0 003.2 005.0 001.8 0411.0 000.0 298 074
0012.6 010.7 013.9 000.0 000.0 003.1 005.2 000.0 0229.0 001.4 299 074
0008.5 007.2 013.1 000.0 000.0 001.7 004.6 004.1 0576.0 005.2 300 081
0009.8 007.2 011.9 000.0 000.0 002.6 004.2 000.0 0339.0 006.1 301 085
0011.1 009.7 013.7 000.0 000.0 001.4 003.7 000.0 0265.0 000.1 302 092
0010.6 008.4 014.2 000.0 000.0 006.4 005.0 007.4 0787.0 000.0 303 064
0011.1 008.1 015.5 000.0 000.0 006.3 007.4 000.0 0290.0 002.8 304 066
0009.2 008.5 011.4 000.0 000.0 003.6 005.3 001.7 0445.0 000.0 305 072
0008.2 006.5 012.4 000.0 000.0 004.4 004.8 004.7 0671.0 001.9 306 076
0009.9 004.7 012.6 000.0 000.0 004.1 004.3 005.0 0660.0 000.0 307 071
0008.1 006.1 012.1 000.0 000.0 000.4 002.7 000.0 0131.0 003.9 308 091
0007.1 004.6 010.9 000.0 000.0 003.3 002.3 003.3 0415.0 000.0 309 081
0005.6 004.0 009.8 000.0 000.0 002.9 003.3 005.4 0579.0 000.0 310 077
0006.6 004.0 008.2 000.0 000.0 002.0 007.1 000.0 0232.0 006.5 311 078
0008.9 005.4 013.3 000.0 000.0 004.9 003.0 006.0 0582.0 000.0 312 074
0009.6 007.1 012.2 000.0 000.0 003.7 003.9 001.4 0388.0 000.0 313 064
0008.0 007.1 011.3 000.0 000.0 001.7 004.1 001.4 0377.0 000.3 314 078
0006.8 005.9 009.8 000.0 000.0 003.6 005.0 004.0 0517.0 000.0 315 069
0007.3 003.6 009.1 000.0 000.0 002.9 004.7 000.9 0370.0 000.0 316 072
0010.3 005.4 012.4 000.0 000.0 005.0 003.8 001.7 0336.0 000.7 317 057
0009.8 009.1 011.5 000.0 000.0 001.0 002.7 000.0 0108.0 002.3 318 091
0008.6 007.8 010.3 000.0 000.0 001.5 001.4 000.1 0240.0 000.2 319 094
0007.0 004.4 010.5 000.0 000.0 002.9 002.8 001.1 0282.0 001.8 320 080
0005.4 004.4 009.4 000.0 000.0 002.6 003.1 006.2 0459.0 000.0 321 078
0004.5 002.7 006.1 000.0 000.0 000.0 002.3 000.0 0116.0 003.1 322 094
0005.3 003.0 006.7 000.0 000.0 001.5 004.2 001.5 0297.0 000.0 323 078
0008.2 005.1 009.8 000.0 000.0 003.5 005.1 000.7 0216.0 002.0 324 066
0006.6 005.2 009.8 000.0 000.0 003.6 003.2 004.4 0457.0 000.0 325 071
0004.7 001.9 008.6 000.0 000.0 002.3 002.5 003.0 0354.0 000.7 326 082
0009.1 002.7 011.0 000.0 000.0 003.5 003.9 002.5 0298.0 000.2 327 074
0007.1 003.4 009.7 000.0 000.0 001.7 003.0 000.0 0110.0 000.3 328 085
0006.8 004.7 009.2 000.0 000.0 002.2 002.5 000.1 0222.0 000.0 329 078
0004.6 002.6 009.3 000.0 000.0 003.6 002.9 005.9 0431.0 000.3 330 077
0006.4 001.4 008.1 000.0 000.0 002.0 003.7 002.2 0283.0 002.0 331 082
0005.6 004.0 008.5 000.0 000.0 002.3 003.2 002.1 0238.0 000.0 332 082
0008.6 003.2 011.1 000.0 000.0 000.1 003.5 000.0 0068.0 006.4 333 091
0011.7 009.6 015.2 000.0 000.0 003.8 003.1 003.1 0304.0 000.0 334 076
0010.0 007.4 012.9 000.0 000.0 002.1 003.0 004.2 0298.0 000.0 335 085
0009.6 006.1 012.5 000.0 000.0 002.1 002.6 002.9 0328.0 003.0 336 083
0009.4 007.0 012.6 000.0 000.0 002.3 002.6 003.7 0306.0 000.1 337 088
0007.8 006.2 011.0 000.0 000.0 002.1 003.4 000.1 0156.0 000.0 338 084
0007.0 002.7 009.5 000.0 000.0 002.7 003.2 005.6 0349.0 000.0 339 083
0008.0 005.2 011.9 000.0 000.0 002.9 002.9 005.9 0345.0 000.0 340 081
0009.3 002.4 010.7 000.0 000.0 002.0 002.3 000.2 0156.0 000.0 341 076
0008.8 006.0 012.3 000.0 000.0 001.9 004.0 004.6 0288.0 001.6 342 080
0011.4 006.8 014.8 000.0 000.0 003.1 004.2 000.5 0152.0 000.0 343 076
0009.0 007.4 011.9 000.0 000.0 003.1 003.9 005.8 0344.0 000.0 344 074
0008.5 007.0 009.7 000.0 000.0 001.1 004.9 000.0 0080.0 001.6 345 081
0010.5 008.2 012.6 000.0 000.0 003.5 005.0 000.9 0134.0 003.2 346 077
0012.1 010.1 013.2 000.0 000.0 000.5 004.3 000.0 0057.0 002.6 347 091
0010.2 008.0 013.3 000.0 000.0 004.6 007.4 003.2 0260.0 001.0 348 065
0007.4 006.3 010.2 000.0 000.0 002.8 005.3 000.9 0195.0 002.1 349 074
0004.8 003.5 006.3 000.0 000.0 000.5 005.7 000.0 0060.0 005.9 350 087
0003.6 002.1 004.4 000.0 000.0 001.2 007.2 000.0 0064.0 001.6 351 082
0003.3 002.7 003.7 000.0 000.0 001.0 004.1 000.0 0120.0 000.0 352 086
0001.6 -00.1 003.6 000.0 000.0 001.4 002.4 001.3 0246.0 000.0 353 083
0000.7 -02.8 002.0 000.0 000.0 000.4 002.0 003.2 0261.0 000.0 354 091
-000.6 -01.3 001.5 000.0 000.0 001.0 005.9 000.0 0134.0 000.0 355 084
-002.7 -03.6 -01.4 000.0 000.0 001.1 005.0 003.6 0247.0 000.0 356 079
-005.6 -07.0 -02.3 000.0 000.0 001.0 003.0 006.4 0341.0 000.0 357 083
-001.4 -07.2 001.6 000.0 000.0 002.0 002.8 006.6 0340.0 000.0 358 068
-001.1 -03.1 -00.4 000.0 000.0 000.3 002.5 000.0 0070.0 006.5 359 092
-001.8 -02.2 -01.3 000.0 000.0 000.3 003.8 000.0 0129.0 001.0 360 092
-002.3 -03.3 -01.7 000.0 000.0 000.2 003.7 000.0 0169.0 001.6 361 091
-000.4 -02.4 000.4 000.0 000.0 000.4 002.5 000.0 0150.0 000.2 362 095
0001.2 -00.9 003.0 000.0 000.0 000.6 003.2 000.0 0088.0 000.0 363 089
-000.5 -01.4 001.7 000.0 000.0 001.6 003.6 004.7 0311.0 000.0 364 076
0000.9 -01.3 001.6 000.0 000.0 000.9 003.5 001.3 0280.0 000.7 365 083
0000.9 -01.3 001.6 000.0 000.0 000.9 003.5 001.3 0280.0 000.7 366 083