Tp_av Tpmin Tpmax T_s10 T_s20 vappd wind sundu radia prec jday RF
C_deg C_deg C_deg C_deg C_deg mm_Hg m/sec hours J/cm^2 mm  %
50    ----- ----- ----- ----- -----  02 m  ----- ------ -- - -
0000.3 -02.5 004.5 000.0 000.0 000.7 001.8 003.2 0288.0 000.0 001 093
0005.3 -00.9 008.7 000.0 000.0 002.3 002.8 000.0 0120.0 000.0 002 079
0004.9 003.5 007.5 000.0 000.0 002.7 003.6 003.2 0294.0 002.8 003 080
0009.2 003.2 011.5 000.0 000.0 001.0 005.4 000.0 0106.0 000.7 004 093
0012.2 009.7 014.7 000.0 000.0 003.4 004.4 002.3 0221.0 000.2 005 085
0010.9 009.5 013.5 000.0 000.0 005.3 004.9 006.0 0382.0 000.1 006 066
0006.1 004.5 009.8 000.0 000.0 001.1 005.0 000.0 0098.0 005.4 007 087
0004.1 003.4 006.4 000.0 000.0 000.9 004.2 001.7 0206.0 006.3 008 091
0001.7 000.9 003.9 000.0 000.0 000.1 003.5 000.0 0038.0 004.9 009 098
-001.0 -01.8 001.0 000.0 000.0 000.2 003.4 000.0 0103.0 000.0 010 095
-001.9 -02.4 -01.2 000.0 000.0 000.0 004.0 000.0 0166.0 000.2 011 096
-001.0 -02.2 -00.1 000.0 000.0 000.3 005.1 000.0 0138.0 000.7 012 088
0000.6 -01.8 002.4 000.0 000.0 000.1 003.5 000.0 0146.0 002.5 013 091
0003.6 001.5 005.3 000.0 000.0 001.1 005.7 000.3 0154.0 004.6 014 085
0007.1 002.3 008.7 000.0 000.0 002.0 006.5 000.0 0134.0 000.1 015 077
0009.2 006.7 010.4 000.0 000.0 002.8 006.5 000.0 0183.0 000.0 016 068
0007.9 006.2 011.1 000.0 000.0 003.3 003.0 001.1 0200.0 000.4 017 073
0003.6 000.6 008.0 000.0 000.0 001.1 002.0 002.2 0216.0 000.0 018 094
0007.6 001.9 009.4 000.0 000.0 004.1 004.3 005.7 0422.0 000.0 019 065
0008.4 006.7 011.5 000.0 000.0 002.9 003.5 004.8 0407.0 000.0 020 073
0007.0 003.8 009.2 000.0 000.0 002.7 003.0 004.9 0412.0 001.4 021 074
0003.5 001.9 006.6 000.0 000.0 000.2 001.9 000.4 0231.0 000.0 022 098
0002.8 000.9 005.8 000.0 000.0 000.4 002.0 000.0 0154.0 000.0 023 097
0003.8 -00.2 005.5 000.0 000.0 000.4 004.4 000.2 0134.0 000.0 024 095
0009.8 004.4 012.6 000.0 000.0 002.6 006.4 000.0 0128.0 009.9 025 086
0004.5 003.9 008.1 000.0 000.0 001.9 004.9 001.1 0327.0 005.6 026 076
0003.0 001.3 004.7 000.0 000.0 000.3 003.3 000.2 0230.0 002.9 027 097
0000.5 -01.1 002.8 000.0 000.0 000.0 003.2 000.0 0104.0 003.5 028 096
-003.5 -04.4 -00.9 000.0 000.0 001.3 003.7 003.6 0496.0 000.0 029 075
-002.7 -05.5 001.0 000.0 000.0 001.3 002.9 007.1 0574.0 000.0 030 087
-003.4 -07.3 -01.5 000.0 000.0 000.8 001.9 001.5 0362.0 002.1 031 092
0002.7 -02.6 003.3 000.0 000.0 000.0 003.6 000.0 0153.0 000.7 032 100
0003.1 001.2 003.9 000.0 000.0 000.0 003.9 000.0 0120.0 000.2 033 100
0005.5 003.5 005.9 000.0 000.0 000.1 004.8 000.0 0089.0 000.8 034 099
0007.9 005.5 008.9 000.0 000.0 000.5 008.0 000.0 0051.0 004.5 035 097
0002.4 000.9 006.7 000.0 000.0 000.9 009.8 002.8 0390.0 007.2 036 093
0001.9 000.4 004.3 000.0 000.0 001.3 007.2 002.3 0352.0 002.0 037 090
0000.2 -00.1 001.8 000.0 000.0 000.0 003.5 000.1 0244.0 001.7 038 099
-000.8 -01.3 000.8 000.0 000.0 000.2 004.3 000.3 0299.0 001.0 039 098
-003.1 -04.5 -00.3 000.0 000.0 000.5 002.0 002.2 0424.0 000.2 040 095
-002.8 -06.7 -00.6 000.0 000.0 000.0 002.8 000.2 0399.0 001.7 041 095
-003.2 -06.3 -00.6 000.0 000.0 000.5 001.4 002.3 0564.0 000.0 042 095
-006.4 -09.2 -00.9 000.0 000.0 001.6 001.1 005.1 0743.0 000.0 043 083
-004.5 -10.4 -00.2 000.0 000.0 000.7 002.5 000.0 0391.0 000.0 044 093
-005.4 -06.2 -03.0 000.0 000.0 000.2 001.8 000.0 0433.0 000.0 045 098
-000.8 -07.3 001.3 000.0 000.0 001.4 004.0 000.6 0472.0 000.1 046 085
0001.6 000.7 004.5 000.0 000.0 000.2 006.6 001.2 0311.0 007.2 047 096
0000.3 -00.7 001.8 000.0 000.0 000.7 008.6 002.0 0553.0 000.1 048 089
0002.0 -00.3 003.8 000.0 000.0 001.2 004.5 002.2 0617.0 000.2 049 090
0006.1 001.2 008.2 000.0 000.0 000.0 004.5 000.0 0172.0 003.7 050 099
0005.6 004.2 008.3 000.0 000.0 003.5 003.7 002.7 0637.0 000.0 051 079
0004.4 003.1 005.5 000.0 000.0 000.5 004.6 000.0 0177.0 005.9 052 093
0001.2 000.5 004.0 000.0 000.0 001.1 006.1 000.1 0293.0 001.3 053 093
0000.8 000.1 001.8 000.0 000.0 000.0 004.3 000.9 0498.0 013.4 054 097
0000.5 -00.4 003.1 000.0 000.0 000.1 003.9 001.7 0546.0 002.4 055 099
0002.0 -01.0 003.6 000.0 000.0 001.0 004.1 001.8 0727.0 001.0 056 088
0006.3 001.8 007.5 000.0 000.0 000.5 005.1 000.0 0263.0 000.9 057 093
0007.4 003.9 010.8 000.0 000.0 003.7 003.8 007.1 0957.0 000.0 058 071
0006.7 004.9 009.5 000.0 000.0 003.9 005.2 006.2 0928.0 001.4 059 071
0006.2 005.5 010.0 000.0 000.0 000.8 007.4 000.0 0405.0 014.6 060 091
0007.7 003.9 009.8 000.0 000.0 000.5 003.5 000.0 0320.0 012.3 061 091
0009.2 007.3 012.0 000.0 000.0 002.6 003.7 000.5 0380.0 002.5 062 076
0008.4 006.3 011.5 000.0 000.0 004.7 002.9 002.8 0750.0 001.8 063 067
0006.5 004.8 008.0 000.0 000.0 002.5 002.1 000.0 0413.0 000.3 064 079
0004.9 003.3 007.0 000.0 000.0 002.5 004.6 002.3 0669.0 000.9 065 073
0002.9 001.7 006.8 000.0 000.0 002.9 003.7 006.5 0929.0 000.0 066 067
0003.7 -00.5 008.9 000.0 000.0 003.4 002.8 006.3 1078.0 000.0 067 070
0005.0 002.8 006.1 000.0 000.0 001.1 002.6 000.0 0238.0 002.4 068 085
0004.2 002.9 006.2 000.0 000.0 001.7 003.3 000.0 0282.0 000.1 069 085
0001.3 000.1 003.5 000.0 000.0 001.9 003.1 000.4 0463.0 000.0 070 078
0005.0 -00.7 009.0 000.0 000.0 004.0 006.6 010.5 1395.0 000.0 071 065
0005.7 000.0 010.3 000.0 000.0 003.8 004.1 007.3 1129.0 000.0 072 068
0004.5 002.5 009.0 000.0 000.0 002.0 002.2 000.4 0525.0 000.0 073 083
0004.4 003.1 006.3 000.0 000.0 001.1 003.0 000.0 0442.0 000.0 074 084
0002.4 001.7 003.2 000.0 000.0 001.3 003.4 000.0 0224.0 000.0 075 077
0003.7 -00.4 008.1 000.0 000.0 003.8 003.9 008.7 1403.0 000.0 076 065
0005.6 -00.8 012.0 000.0 000.0 005.1 002.5 008.8 1443.0 000.7 077 066
0004.6 003.2 008.0 000.0 000.0 002.4 004.4 001.3 0666.0 001.1 078 081
0005.0 003.1 006.7 000.0 000.0 002.3 005.0 000.3 0561.0 000.5 079 079
0006.1 004.3 009.1 000.0 000.0 003.0 003.9 000.3 0664.0 001.2 080 077
0004.8 003.6 008.0 000.0 000.0 001.3 004.0 000.2 0553.0 002.3 081 081
0003.5 001.9 008.8 000.0 000.0 001.7 005.2 002.2 0509.0 001.8 082 080
0007.5 001.0 011.0 000.0 000.0 003.4 003.2 000.2 0525.0 000.4 083 077
0013.1 001.2 019.7 000.0 000.0 009.9 003.0 009.9 1642.0 000.0 084 058
0012.1 008.7 015.7 000.0 000.0 004.9 002.4 002.7 0904.0 000.0 085 067
0007.2 005.1 011.0 000.0 000.0 001.8 003.7 000.3 0635.0 000.1 086 081
0004.5 003.2 008.4 000.0 000.0 002.3 002.7 000.3 0500.0 000.0 087 081
0006.9 -01.8 012.5 000.0 000.0 004.9 001.4 011.3 1779.0 000.0 088 075
0010.1 003.1 017.0 000.0 000.0 006.7 002.2 011.0 1694.0 000.0 089 071
0011.1 004.0 018.0 000.0 000.0 007.0 001.9 009.8 1649.0 000.0 090 073
0011.4 004.1 018.2 000.0 000.0 009.6 002.8 011.0 1880.0 000.0 091 062
0011.1 004.4 018.5 000.0 000.0 011.0 003.0 011.8 1915.0 000.0 092 052
0013.6 007.4 019.6 000.0 000.0 011.6 002.9 008.2 1659.0 000.0 093 048
0010.6 009.9 013.7 000.0 000.0 000.8 002.4 000.0 0443.0 000.1 094 089
0012.6 007.7 016.6 000.0 000.0 006.1 003.6 003.8 1123.0 000.9 095 077
0013.4 012.0 018.5 000.0 000.0 004.0 004.3 003.3 1072.0 012.2 096 081
0009.4 008.1 012.2 000.0 000.0 001.3 004.6 000.7 0708.0 002.2 097 083
0008.5 007.2 011.9 000.0 000.0 001.8 004.9 001.3 0679.0 000.1 098 082
0011.8 006.4 015.4 000.0 000.0 005.3 003.8 009.2 1883.0 000.0 099 070
0012.8 011.5 016.7 000.0 000.0 004.5 004.1 005.6 1468.0 000.4 100 073
0008.2 006.3 012.7 000.0 000.0 003.6 005.3 004.0 1355.0 001.6 101 076
0007.8 005.2 009.6 000.0 000.0 001.9 005.4 001.1 0759.0 000.3 102 075
0005.4 003.1 010.1 000.0 000.0 002.3 004.5 003.0 1081.0 002.3 103 078
0003.8 001.7 008.1 000.0 000.0 002.4 004.0 002.6 1166.0 009.7 104 082
0004.2 000.4 006.4 000.0 000.0 002.6 003.0 000.3 0870.0 000.0 105 078
0006.5 002.7 011.3 000.0 000.0 006.1 002.0 009.7 1992.0 000.0 106 063
0006.2 003.4 010.0 000.0 000.0 004.2 003.0 001.7 1101.0 001.1 107 075
0006.0 003.7 010.6 000.0 000.0 004.7 005.5 004.6 1360.0 000.0 108 062
0005.6 -00.5 011.0 000.0 000.0 006.2 002.4 013.3 2422.0 000.0 109 055
0008.6 -00.9 012.9 000.0 000.0 007.1 003.3 013.0 2380.0 000.0 110 052
0008.4 005.3 013.3 000.0 000.0 000.4 003.3 001.6 0678.0 005.4 111 084
0012.3 006.8 015.8 000.0 000.0 005.6 003.4 005.6 1449.0 000.2 112 069
0012.2 006.4 018.1 000.0 000.0 007.0 002.5 011.5 2238.0 000.1 113 064
0013.3 005.2 018.4 000.0 000.0 005.2 002.6 007.8 1709.0 001.1 114 072
0012.7 006.6 019.7 000.0 000.0 008.5 002.0 009.8 2019.0 002.1 115 074
0012.6 007.8 016.9 000.0 000.0 004.1 003.8 004.7 1588.0 000.0 116 083
0010.5 008.0 015.6 000.0 000.0 003.2 003.8 000.7 0733.0 000.0 117 087
0013.0 008.7 018.6 000.0 000.0 005.2 002.9 005.6 1548.0 000.0 118 073
0010.9 007.4 016.6 000.0 000.0 007.4 003.5 011.1 2332.0 000.0 119 062
0012.7 004.0 019.3 000.0 000.0 009.9 002.8 014.0 2551.0 000.0 120 056
0011.4 005.7 018.1 000.0 000.0 007.4 002.9 012.8 2493.0 000.0 121 064
0010.7 003.2 016.3 000.0 000.0 006.9 001.5 012.6 2532.0 000.0 122 062
0011.5 006.4 017.5 000.0 000.0 008.1 002.7 013.1 2524.0 000.0 123 059
0012.7 002.5 016.7 000.0 000.0 009.5 005.2 012.1 2505.0 000.0 124 045
0012.3 006.8 016.9 000.0 000.0 010.1 007.1 011.3 2268.0 000.0 125 041
0011.8 009.1 014.1 000.0 000.0 006.6 005.0 000.0 0860.0 000.0 126 050
0013.4 009.4 018.2 000.0 000.0 006.5 002.8 006.8 1758.0 003.7 127 065
0013.4 010.3 016.8 000.0 000.0 003.5 002.7 000.7 0810.0 003.5 128 080
0014.1 010.1 019.9 000.0 000.0 007.7 003.0 005.9 1653.0 000.0 129 070
0015.0 010.5 021.9 000.0 000.0 009.0 003.3 004.4 1463.0 001.5 130 072
0012.3 009.7 019.4 000.0 000.0 002.8 003.5 005.9 1597.0 007.0 131 084
0011.6 009.4 015.5 000.0 000.0 002.2 002.9 002.3 1189.0 003.7 132 086
0011.7 009.5 016.4 000.0 000.0 005.6 004.1 003.0 1382.0 004.2 133 079
0011.6 007.5 016.5 000.0 000.0 003.5 002.9 005.2 1727.0 002.3 134 081
0008.4 005.4 012.6 000.0 000.0 004.0 005.0 005.5 1627.0 000.0 135 072
0009.4 006.3 013.7 000.0 000.0 005.9 002.3 003.8 1607.0 000.0 136 068
0011.8 004.3 016.0 000.0 000.0 009.3 005.0 014.9 2862.0 000.0 137 040
0013.8 005.5 019.1 000.0 000.0 011.0 006.0 015.1 2896.0 000.0 138 046
0016.6 009.2 021.2 000.0 000.0 010.7 005.4 014.3 2766.0 000.0 139 050
0016.4 013.7 021.8 000.0 000.0 010.7 002.9 011.2 2430.0 000.0 140 063
0017.5 012.2 023.0 000.0 000.0 009.5 003.4 006.8 2086.0 000.0 141 069
0012.6 010.9 015.1 000.0 000.0 005.1 003.0 002.0 0961.0 000.1 142 067
0014.3 006.3 019.5 000.0 000.0 008.9 003.4 009.1 2305.0 000.0 143 059
0016.0 010.5 020.9 000.0 000.0 007.8 002.6 004.8 1862.0 000.0 144 066
0013.5 011.2 018.9 000.0 000.0 005.6 003.3 003.3 1579.0 000.3 145 070
0015.4 005.7 020.7 000.0 000.0 009.2 001.4 012.7 2672.0 000.0 146 064
0020.0 008.6 026.1 000.0 000.0 017.5 001.8 015.0 2833.0 000.0 147 040
0020.0 010.4 029.0 000.0 000.0 015.0 003.2 011.4 2476.0 000.0 148 058
0021.2 012.9 026.7 000.0 000.0 016.6 002.4 014.1 2843.0 000.0 149 060
0020.2 016.2 027.0 000.0 000.0 012.2 003.5 008.8 2122.0 017.3 150 072
0012.7 011.2 016.6 000.0 000.0 001.1 003.2 000.0 0847.0 008.9 151 092
0016.6 007.9 021.5 000.0 000.0 008.3 001.7 013.6 2791.0 000.0 152 073
0019.6 012.6 027.0 000.0 000.0 015.1 003.2 010.9 2434.0 026.4 153 070
0018.0 014.5 022.1 000.0 000.0 008.5 003.8 011.0 2522.0 000.4 154 067
0015.8 014.2 018.5 000.0 000.0 005.2 004.1 003.8 1468.0 000.4 155 069
0013.5 012.6 018.8 000.0 000.0 000.8 003.7 003.5 1104.0 005.0 156 083
0013.9 011.2 017.8 000.0 000.0 005.0 003.8 004.3 1356.0 000.3 157 071
0017.0 009.4 021.1 000.0 000.0 009.7 002.9 012.7 2720.0 000.0 158 061
0012.6 011.2 017.0 000.0 000.0 002.4 003.3 003.5 1020.0 006.7 159 081
0013.3 007.9 018.9 000.0 000.0 008.5 003.3 011.3 2470.0 000.0 160 064
0015.8 008.8 019.9 000.0 000.0 008.9 002.1 011.5 2780.0 003.4 161 060
0012.8 011.4 017.5 000.0 000.0 004.1 002.1 002.2 1143.0 000.1 162 081
0014.4 008.0 019.8 000.0 000.0 007.6 001.4 011.0 2325.0 000.0 163 072
0016.8 007.8 021.9 000.0 000.0 010.8 001.5 012.5 2681.0 000.0 164 064
0016.2 009.9 021.4 000.0 000.0 009.1 002.4 013.4 2786.0 000.0 165 063
0017.9 009.8 023.0 000.0 000.0 012.4 001.5 010.6 2604.0 000.0 166 060
0018.3 011.2 024.0 000.0 000.0 012.8 001.5 010.5 2550.0 000.0 167 063
0017.8 012.4 025.1 000.0 000.0 012.7 002.8 010.7 2546.0 000.6 168 069
0013.8 010.9 018.2 000.0 000.0 006.5 004.9 005.9 2083.0 000.0 169 069
0016.0 009.9 021.4 000.0 000.0 010.1 003.0 014.9 3009.0 000.0 170 064
0016.8 012.6 022.8 000.0 000.0 009.8 003.7 007.7 1945.0 009.1 171 068
0012.4 011.3 017.1 000.0 000.0 004.4 003.7 008.0 2288.0 000.4 172 072
0012.2 007.2 016.9 000.0 000.0 003.9 004.0 008.9 2126.0 000.5 173 071
0012.0 008.0 016.5 000.0 000.0 005.0 001.5 001.4 1344.0 000.6 174 074
0013.2 009.3 018.0 000.0 000.0 007.4 002.0 005.8 2027.0 000.0 175 067
0012.8 008.2 017.9 000.0 000.0 006.3 001.7 005.9 2022.0 000.0 176 068
0016.6 009.0 021.4 000.0 000.0 009.5 001.8 013.1 2921.0 000.0 177 058
0020.3 013.2 025.2 000.0 000.0 008.9 003.2 006.3 1975.0 000.7 178 066
0015.3 013.2 020.5 000.0 000.0 008.1 003.5 005.1 1874.0 000.8 179 069
0018.9 010.3 023.3 000.0 000.0 009.8 003.6 009.1 2068.0 000.0 180 062
0018.1 014.9 024.9 000.0 000.0 003.0 002.7 007.4 1778.0 011.1 181 082
0016.6 011.7 021.1 000.0 000.0 006.6 002.0 004.2 1551.0 000.3 182 074
0018.3 014.3 022.4 000.0 000.0 007.7 002.7 004.3 1557.0 000.0 183 077
0023.7 014.2 030.5 000.0 000.0 019.4 003.1 013.2 2724.0 000.0 184 056
0022.6 017.4 027.2 000.0 000.0 013.1 002.3 011.1 2396.0 001.5 185 067
0022.7 019.1 030.4 000.0 000.0 012.4 003.8 011.4 2483.0 000.0 186 068
0018.1 016.1 020.2 000.0 000.0 006.1 002.3 000.0 0834.0 001.9 187 078
0016.3 014.9 020.3 000.0 000.0 004.8 002.5 001.2 0852.0 000.0 188 082
0018.1 012.7 023.1 000.0 000.0 009.6 002.9 008.3 2124.0 000.0 189 068
0018.6 010.4 025.2 000.0 000.0 015.2 003.9 014.6 2805.0 000.0 190 056
0021.1 011.6 028.0 000.0 000.0 013.3 004.2 008.7 2038.0 000.0 191 058
0022.5 015.1 028.7 000.0 000.0 016.4 003.9 011.1 2495.0 000.0 192 053
0022.0 016.7 028.6 000.0 000.0 015.2 002.3 005.3 1565.0 000.3 193 070
0021.1 015.4 027.8 000.0 000.0 010.2 002.0 008.1 2213.0 000.1 194 077
0017.8 015.8 021.9 000.0 000.0 007.6 004.9 004.0 1572.0 001.7 195 065
0014.9 012.3 019.6 000.0 000.0 006.9 003.7 003.9 1554.0 000.1 196 073
0017.0 011.4 022.6 000.0 000.0 010.6 002.8 008.4 2210.0 000.0 197 060
0021.1 012.8 026.6 000.0 000.0 013.4 003.3 010.2 2514.0 000.0 198 056
0022.8 014.2 030.6 000.0 000.0 021.5 001.6 014.2 2693.0 000.0 199 053
0024.2 018.2 032.9 000.0 000.0 026.0 003.3 012.6 2678.0 000.7 200 052
0020.9 018.1 028.2 000.0 000.0 014.7 003.0 006.6 2021.0 002.4 201 075
0019.0 017.1 023.8 000.0 000.0 012.3 005.1 007.8 2173.0 000.0 202 056
0015.6 013.9 020.4 000.0 000.0 008.3 005.3 004.7 1696.0 003.0 203 066
0014.8 013.0 018.0 000.0 000.0 004.8 004.9 001.0 1041.0 001.3 204 077
0019.4 012.5 023.9 000.0 000.0 009.5 003.5 001.0 1004.0 000.0 205 068
0021.6 015.1 027.6 000.0 000.0 014.9 001.9 010.0 2215.0 002.9 206 062
0016.8 015.3 023.0 000.0 000.0 009.2 002.9 003.1 1278.0 000.0 207 067
0016.8 012.0 022.1 000.0 000.0 010.7 002.6 012.3 2641.0 000.0 208 059
0019.0 009.6 025.5 000.0 000.0 014.9 003.6 015.0 2864.0 000.0 209 052
0020.5 011.3 027.2 000.0 000.0 017.0 002.7 013.1 2524.0 000.0 210 047
0021.5 012.0 027.9 000.0 000.0 019.7 002.2 011.9 2229.0 000.0 211 045
0022.0 013.2 029.2 000.0 000.0 023.2 002.4 011.4 2357.0 000.0 212 042
0022.0 014.6 029.6 000.0 000.0 023.0 003.0 013.5 2465.0 000.0 213 040
0022.5 013.1 029.4 000.0 000.0 022.8 002.4 014.2 2565.0 000.0 214 040
0022.5 012.8 029.4 000.0 000.0 022.2 003.2 013.7 2638.0 000.0 215 037
0022.6 012.3 030.1 000.0 000.0 025.0 003.0 013.0 2320.0 000.0 216 033
0020.8 014.8 024.3 000.0 000.0 006.1 002.5 003.1 1221.0 000.1 217 066
0020.5 016.8 027.4 000.0 000.0 016.8 002.7 009.6 2284.0 000.0 218 061
0019.6 012.7 022.9 000.0 000.0 005.9 002.0 000.9 0623.0 000.9 219 075
0020.1 014.9 026.0 000.0 000.0 006.9 002.5 006.2 1607.0 000.7 220 079
0019.2 015.7 027.0 000.0 000.0 016.2 003.2 007.7 2017.0 001.2 221 069
0017.3 013.5 023.8 000.0 000.0 001.7 002.4 004.0 1305.0 006.1 222 091
0015.4 013.6 019.3 000.0 000.0 005.2 004.1 003.5 1194.0 000.0 223 071
0015.2 012.7 018.9 000.0 000.0 008.3 002.9 000.4 0825.0 000.0 224 066
0015.1 009.6 020.5 000.0 000.0 009.9 002.8 010.5 2057.0 000.0 225 059
0015.6 011.8 019.3 000.0 000.0 004.9 003.4 000.3 0566.0 013.7 226 075
0015.6 013.4 020.0 000.0 000.0 007.7 005.3 005.6 1526.0 000.0 227 071
0015.4 011.5 022.1 000.0 000.0 010.2 003.4 009.1 1909.0 012.1 228 071
0014.2 012.2 018.0 000.0 000.0 006.9 002.5 001.4 0922.0 001.3 229 077
0015.4 009.8 021.5 000.0 000.0 007.4 003.2 004.5 1004.0 001.9 230 073
0015.5 012.4 019.8 000.0 000.0 003.5 005.4 004.6 1340.0 001.2 231 073
0016.2 014.0 018.2 000.0 000.0 005.8 004.9 002.1 0825.0 000.6 232 075
0014.0 012.6 018.4 000.0 000.0 006.7 003.7 001.3 1199.0 000.0 233 072
0013.9 010.3 017.3 000.0 000.0 005.3 002.8 000.4 1065.0 000.0 234 073
0014.2 012.1 019.0 000.0 000.0 008.0 001.5 003.2 1318.0 000.0 235 064
0016.5 007.2 022.3 000.0 000.0 012.1 002.5 012.3 2204.0 000.0 236 058
0021.1 010.7 027.1 000.0 000.0 016.2 004.7 010.0 1926.0 000.0 237 045
0018.4 017.1 020.1 000.0 000.0 001.1 003.0 000.1 0475.0 010.5 238 080
0018.9 014.9 022.7 000.0 000.0 008.6 002.7 006.4 1615.0 000.0 239 074
0016.8 014.7 020.9 000.0 000.0 005.8 001.9 002.1 0957.0 000.0 240 078
0015.2 010.9 021.6 000.0 000.0 008.0 001.3 006.8 1673.0 000.0 241 077
0017.3 009.9 023.4 000.0 000.0 010.1 001.8 005.5 1320.0 004.3 242 068
0015.8 013.0 020.1 000.0 000.0 006.7 003.3 004.4 1440.0 000.2 243 079
0015.0 011.6 019.9 000.0 000.0 007.4 003.5 006.6 1688.0 000.0 244 072
0015.4 008.2 021.8 000.0 000.0 012.0 001.8 013.1 2078.0 000.0 245 065
0017.8 009.2 023.5 000.0 000.0 011.3 003.0 012.7 2123.0 000.0 246 067
0019.3 013.8 026.9 000.0 000.0 018.7 003.0 009.8 1896.0 000.0 247 054
0020.0 011.0 026.4 000.0 000.0 015.4 003.8 012.3 1951.0 000.0 248 053
0019.4 011.0 025.6 000.0 000.0 013.4 002.6 011.5 1796.0 000.0 249 063
0018.8 015.6 023.8 000.0 000.0 008.9 002.4 003.6 1111.0 001.2 250 080
0019.2 014.4 025.1 000.0 000.0 010.7 001.8 008.2 1530.0 000.0 251 075
0020.8 014.6 029.0 000.0 000.0 019.4 002.0 010.7 1748.0 000.0 252 059
0020.8 014.8 026.8 000.0 000.0 012.6 002.1 006.5 1364.0 000.0 253 073
0020.3 014.4 028.1 000.0 000.0 017.7 003.5 011.5 1719.0 000.0 254 060
0021.0 015.8 030.3 000.0 000.0 022.7 002.1 011.9 1889.0 000.0 255 053
0020.6 012.4 028.1 000.0 000.0 017.9 002.9 011.4 1669.0 000.0 256 058
0020.5 014.3 028.8 000.0 000.0 018.9 002.5 011.4 1631.0 000.0 257 052
0020.0 011.8 026.8 000.0 000.0 018.2 003.0 010.8 1590.0 000.0 258 048
0014.6 011.9 019.7 000.0 000.0 009.7 002.8 004.5 0884.0 000.0 259 068
0016.4 009.8 022.1 000.0 000.0 011.3 002.7 008.4 1437.0 000.0 260 062
0014.5 012.9 019.1 000.0 000.0 005.9 001.5 001.9 0804.0 000.0 261 081
0018.8 010.7 024.5 000.0 000.0 008.6 003.3 008.5 1437.0 000.0 262 075
0020.5 015.9 025.5 000.0 000.0 012.2 004.1 003.8 0912.0 008.2 263 064
0017.9 014.2 022.6 000.0 000.0 010.6 002.8 009.5 1493.0 000.7 264 065
0017.1 013.2 020.3 000.0 000.0 005.2 002.5 001.6 0680.0 000.2 265 080
0017.4 015.8 022.3 000.0 000.0 004.9 002.3 004.2 0923.0 004.8 266 080
0018.2 014.8 022.9 000.0 000.0 010.2 003.5 008.3 1362.0 000.0 267 069
0017.1 014.9 021.7 000.0 000.0 008.6 002.8 003.5 0966.0 000.0 268 069
0014.7 012.5 018.5 000.0 000.0 002.2 002.7 000.9 0446.0 003.0 269 087
0016.6 011.1 019.4 000.0 000.0 006.9 004.0 006.1 1068.0 000.0 270 069
0015.1 013.3 019.9 000.0 000.0 006.1 003.4 001.7 0710.0 002.2 271 076
0014.4 011.2 018.0 000.0 000.0 003.0 003.8 000.5 0488.0 016.3 272 086
0014.7 013.3 016.9 000.0 000.0 002.0 003.8 000.0 0440.0 005.3 273 088
0013.5 011.5 015.1 000.0 000.0 004.6 005.8 003.5 0790.0 000.6 274 073
0013.1 009.6 018.8 000.0 000.0 006.3 005.6 003.1 0719.0 008.4 275 073
0010.8 008.6 014.6 000.0 000.0 004.8 003.9 005.5 1011.0 000.0 276 077
0010.2 008.4 013.1 000.0 000.0 002.9 004.0 001.3 0531.0 000.0 277 081
0009.6 008.0 014.0 000.0 000.0 003.2 003.5 003.8 0751.0 000.2 278 082
0009.9 007.9 013.7 000.0 000.0 001.3 003.3 001.1 0496.0 011.4 279 089
0010.0 007.4 013.3 000.0 000.0 003.1 003.5 002.1 0731.0 000.8 280 079
0011.3 008.5 013.4 000.0 000.0 002.7 004.4 000.2 0426.0 001.6 281 087
0012.6 010.9 014.3 000.0 000.0 000.8 005.0 000.0 0178.0 006.8 282 090
0014.0 011.4 015.7 000.0 000.0 002.0 004.3 000.0 0370.0 000.1 283 088
0012.1 010.0 015.0 000.0 000.0 002.3 004.0 000.1 0346.0 002.3 284 087
0009.6 006.6 014.1 000.0 000.0 005.5 003.8 007.8 1006.0 000.0 285 075
0009.7 006.1 013.4 000.0 000.0 004.4 002.5 000.7 0411.0 000.0 286 078
0011.0 007.3 013.4 000.0 000.0 002.6 004.0 000.1 0351.0 000.0 287 085
0007.8 005.3 013.5 000.0 000.0 004.1 001.7 009.4 1120.0 000.0 288 084
0004.9 000.2 011.4 000.0 000.0 004.1 001.4 007.9 0992.0 000.0 289 080
0004.4 -01.1 010.5 000.0 000.0 002.8 001.6 003.5 0774.0 000.0 290 083
0004.0 000.7 008.4 000.0 000.0 001.8 002.8 003.1 0550.0 000.0 291 088
0003.7 -00.4 009.1 000.0 000.0 003.6 004.0 009.1 1040.0 000.0 292 077
0003.3 000.6 007.6 000.0 000.0 004.2 006.4 009.4 1010.0 000.0 293 064
0005.4 -01.2 008.0 000.0 000.0 002.3 007.1 000.2 0559.0 000.0 294 074
0009.5 005.0 013.6 000.0 000.0 004.3 004.3 005.0 0762.0 000.0 295 075
0010.2 005.7 014.1 000.0 000.0 002.6 002.3 001.5 0414.0 000.5 296 085
0011.8 005.8 016.9 000.0 000.0 005.7 003.2 005.6 0675.0 002.5 297 081
0012.6 009.7 014.5 000.0 000.0 004.0 003.2 001.2 0475.0 000.0 298 076
0013.0 011.2 016.4 000.0 000.0 004.8 005.4 003.2 0509.0 000.5 299 074
0012.4 011.3 014.1 000.0 000.0 003.4 004.9 000.1 0362.0 000.0 300 077
0010.6 007.7 013.2 000.0 000.0 003.1 003.0 003.4 0506.0 000.0 301 082
0010.2 008.6 014.6 000.0 000.0 003.0 001.6 001.5 0363.0 000.0 302 087
0012.6 005.8 015.6 000.0 000.0 004.2 003.1 006.3 0691.0 003.8 303 078
0011.0 009.3 015.7 000.0 000.0 004.7 005.0 005.1 0595.0 000.0 304 075
0013.0 006.0 015.7 000.0 000.0 004.7 003.3 005.8 0635.0 000.7 305 067
0012.2 010.8 015.8 000.0 000.0 001.7 003.7 000.0 0235.0 002.5 306 088
0007.2 005.6 011.9 000.0 000.0 003.3 003.1 008.0 0706.0 000.0 307 083
0006.2 001.2 011.5 000.0 000.0 003.7 002.7 008.7 0730.0 000.0 308 080
0008.2 001.5 011.2 000.0 000.0 001.8 002.7 002.0 0320.0 000.0 309 080
0009.2 007.3 014.6 000.0 000.0 003.6 004.3 002.7 0387.0 000.2 310 067
0008.3 006.5 010.9 000.0 000.0 001.4 004.9 002.4 0373.0 001.6 311 088
0007.3 006.7 008.7 000.0 000.0 001.4 003.5 000.0 0207.0 000.0 312 088
0005.6 003.7 006.8 000.0 000.0 000.5 002.5 000.0 0256.0 000.0 313 096
0007.2 005.4 008.5 000.0 000.0 000.5 004.9 000.0 0198.0 000.0 314 091
0004.4 002.1 007.7 000.0 000.0 001.7 002.9 000.7 0230.0 000.0 315 083
0000.0 -03.7 005.1 000.0 000.0 001.3 001.5 004.7 0552.0 000.0 316 088
0002.0 -01.2 003.4 000.0 000.0 000.7 002.5 002.1 0310.0 000.4 317 094
0002.8 -00.9 008.0 000.0 000.0 002.6 003.8 001.0 0241.0 000.1 318 081
-001.0 -04.8 004.8 000.0 000.0 002.4 001.3 008.2 0649.0 000.0 319 081
-002.1 -05.6 003.7 000.0 000.0 002.0 002.0 008.0 0604.0 000.0 320 083
0001.8 -03.5 002.7 000.0 000.0 000.7 004.5 000.0 0173.0 000.3 321 090
0001.1 000.3 002.1 000.0 000.0 000.9 003.9 000.0 0170.0 002.4 322 089
0000.8 -00.1 001.4 000.0 000.0 000.4 003.3 000.0 0164.0 001.3 323 093
-001.3 -01.8 000.9 000.0 000.0 000.3 003.6 000.0 0092.0 000.1 324 089
0000.2 -02.0 001.4 000.0 000.0 001.1 002.3 002.6 0301.0 000.0 325 087
-000.2 -01.8 000.2 000.0 000.0 000.6 001.8 000.0 0157.0 000.4 326 090
0001.7 -00.3 002.4 000.0 000.0 000.2 002.2 000.0 0117.0 004.0 327 098
0005.4 001.9 006.0 000.0 000.0 000.2 001.9 000.0 0152.0 000.3 328 097
0006.5 005.0 007.8 000.0 000.0 001.5 004.7 002.5 0306.0 000.3 329 087
0007.4 006.2 010.0 000.0 000.0 002.1 003.6 003.1 0306.0 000.0 330 080
0005.2 004.2 007.2 000.0 000.0 001.3 005.1 000.4 0137.0 000.5 331 082
0007.7 003.8 009.8 000.0 000.0 002.1 003.7 000.0 0245.0 000.0 332 078
0007.4 006.5 009.2 000.0 000.0 002.6 004.9 000.0 0139.0 000.0 333 070
0008.0 006.3 008.7 000.0 000.0 001.4 005.3 000.0 0087.0 000.4 334 072
0008.4 007.4 010.5 000.0 000.0 003.3 008.0 002.4 0253.0 002.7 335 071
0005.5 004.8 007.3 000.0 000.0 001.3 007.4 002.3 0288.0 001.9 336 075
0007.2 004.2 008.8 000.0 000.0 001.4 007.8 000.0 0131.0 003.1 337 074
0003.0 001.6 005.2 000.0 000.0 002.3 006.1 003.1 0278.0 000.7 338 071
0001.4 000.5 004.3 000.0 000.0 000.8 005.5 000.4 0156.0 000.3 339 085
0004.1 -00.9 006.1 000.0 000.0 000.6 006.3 000.0 0126.0 003.4 340 088
0007.4 004.1 008.5 000.0 000.0 001.4 006.3 000.0 0042.0 008.7 341 088
0007.0 003.4 008.0 000.0 000.0 002.2 005.7 003.1 0281.0 000.0 342 074
0008.2 006.1 010.0 000.0 000.0 002.5 004.6 000.3 0135.0 000.6 343 075
0005.8 005.3 007.2 000.0 000.0 001.5 004.9 000.6 0148.0 000.8 344 080
0007.2 004.1 009.0 000.0 000.0 002.1 005.5 000.6 0123.0 003.6 345 076
0008.6 006.3 010.8 000.0 000.0 001.7 006.3 000.2 0089.0 005.3 346 081
0003.7 002.9 006.4 000.0 000.0 000.8 005.1 001.9 0184.0 001.0 347 081
0002.8 001.7 004.9 000.0 000.0 001.2 006.6 000.0 0116.0 001.1 348 082
-001.0 -01.6 001.0 000.0 000.0 000.7 004.2 000.0 0116.0 000.0 349 081
-000.2 -01.7 000.4 000.0 000.0 001.5 003.9 001.2 0158.0 000.0 350 074
0002.2 -01.4 002.7 000.0 000.0 001.4 007.5 000.0 0143.0 001.6 351 082
0002.3 000.9 004.5 000.0 000.0 002.3 005.2 005.5 0347.0 000.0 352 072
0000.2 -00.1 001.0 000.0 000.0 001.1 004.1 000.8 0150.0 000.0 353 083
0000.8 -01.0 003.0 000.0 000.0 001.2 004.2 003.0 0224.0 000.0 354 088
0000.2 -00.7 002.1 000.0 000.0 000.8 001.6 000.0 0114.0 000.0 355 089
-001.2 -04.1 001.6 000.0 000.0 001.4 002.8 006.5 0346.0 000.0 356 077
0001.8 -01.8 003.6 000.0 000.0 000.4 004.4 000.0 0114.0 002.2 357 080
0005.5 -00.6 007.7 000.0 000.0 001.6 005.2 000.3 0160.0 000.8 358 080
0005.9 003.5 009.3 000.0 000.0 003.2 007.0 001.8 0196.0 003.0 359 074
0003.5 000.6 004.4 000.0 000.0 000.4 004.3 000.0 0115.0 010.6 360 086
0002.7 001.0 003.7 000.0 000.0 000.6 003.5 000.0 0096.0 001.1 361 091
0002.0 -00.5 002.9 000.0 000.0 000.4 002.4 000.0 0117.0 000.4 362 095
0002.4 001.9 003.4 000.0 000.0 000.7 005.3 000.5 0141.0 000.1 363 091
0002.0 -01.6 004.0 000.0 000.0 001.1 003.9 000.1 0117.0 000.5 364 088
0002.5 001.6 003.9 000.0 000.0 001.1 001.7 000.0 0120.0 000.1 365 087